1923673
김범진
01054101476
1170
1924176
박동욱
01023818600
2520
1824461
박소영
01068475226
3430



2360



3100



4130



6030
1616
R

6030



4060



3490



1020



190



3030
1824020
현듀
01022092969
2980
1824020
현듀짱
01022092969
9520



6050
1824392
주혜련
01074703965
5770
1337002
김근웅
01092118206
8050



1250



3400
1824112
양강민
01092337395
11200
1824112
양강민
01092337395
20010

현듀

7040

영서

6000



880

박소영나쁜사람

0



790
123
박소영돼지
112
3110
1924268
영성

3150



3370



5570
1824020
현듀

13000



7220
1832912
이소연
01057528116
3270
1832912
이소연
01057528116
3180



570



910



4040



2940
1924176
박동욱
01023818600
10790



2190



1190



2030



820



3580



5820
1924314
김예원
01044639893
2380



3380
1703258
방효연
01094732403
3170



4540
1623761
허준석
01090036882
5810



1220
1703851
정다령
01095365479
5740
1703851
정다령
01095365479
7230



3480



1000
15
김영진
01073115394
880



480



1040



3400
1703851
정다령
01095365479
12630
1703851
정다령
01095365479
11510



6150
1703851
정다령
01095365479
13600



2360



2480



5390
1520796
김도현

3160
1625695
이정호

2620



2680
1824425
나유

3210



930



7130
1824032


5160



3210



2380



7290



5600
1924176
박동욱
01023818600
13730



7210



280



4930



2370
1824668
김수희
71723464
11360
1824668
김수희
71723464
13070
1824496
줌

13180



11030
321


2390



5560



7330



11510



7600
1824668
ㄳㅎ
112
13530



3540
1724478
김기승
01095689234
10080



5750



3290



2340



7350



12880



12950



8270



2680



170
1931952
최진수
01026411543
4740
1832356
신소연
0108973139
1130



1140
14
박민재
95419
990
1923986
송성빈
01028129123
4940



160



240



2750
1726680
양승우
01040558245
8000



880



12600
1924176
박동욱
01023818600
15550
1824112
일등 술사준다며
18281828
13300



1210



4890



860
1435212
석재안
01036950686
730



1170
1923846
강태원
01075934855
4660
1924165
이지원
01056628566
710
1923974
박효진
01045600453
3150



3540



4430
1434491
배성재
01049343515
13290
1434604
신동민
01086154949
340



3230



8790
18
김수희
112
14010



1260
1434418
김태경
01049127095
7750
1434418
김태경
01049127095
13560



5960



13590



3370



13500



3240



8400



610



2280



11110
